
 0.5694 
 0.5134 
-0.6333 
-1.1316 
-0.0896 
 0.6850 
 0.6020 
 1.3005 
-0.0453 
 2.0718 
 0.0346 
-0.2216 
-0.4161 
-0.6165 
 1.5563 
 0.8074 
 1.3446 
 0.8900 
 0.8796 
 1.8191 
 0.2480 
-0.6216 
 1.6265 
-0.8219 
 1.8615 
-1.1145 
 0.0053 
 0.3257 
 0.5914 
 1.3396 
 0.3172 
 0.8377 
 3.2524 
 1.2198 
 0.7396 
-0.9006 
 1.2154 
-0.7403 
-0.5030 
 1.6278 
-0.7334 
-0.6380 
 0.4340 
-0.4377 
-0.1061 
 1.2330 
 0.9220 
-0.0028 
-1.8861 
-1.3820 
 1.0692 
 0.3018 
-1.0292 
-0.0002 
-1.1285 
 0.7465 
-0.6479 
 0.4306 
-1.2245 
-1.1093 
-0.1882 
-0.1153 
-1.3734 
-1.3523 
 2.9088 
 1.6621 
 0.7162 
 0.0572 
 0.3701 
 0.3495 
 0.3265 
 1.9635 
 1.1291 
 1.9358 
 1.2378 
-0.0878 
 1.1209 
 0.2455 
 0.1682 
 0.7966 
-0.3994 
 1.8992 
 0.5642 
 0.1424 
 1.3944 
 1.0551 
 0.4192 
-0.8158 
-0.7083 
-0.0136 
-0.6909 
-1.1939 
 0.3040 
-1.3020 
-0.6428 
-0.0516 
-1.6059 
-0.3006 
 0.2000 
-1.3818 
 0.3213 
-0.6531 
-0.7387 
 0.8960 
-1.3946 
 0.5134 
-1.0751 
-1.1626 
-0.4037 
-0.9984 
-0.0376 
-0.8330 
 1.3587 
 1.3447 
-1.1698 
-2.0139 
 0.0050 
 2.4600 
 0.7065 
-1.5899 
 